279.48	42
280.011	32
280.543	44
281.074	44
281.605	48
282.136	44
282.667	38
283.198	44
283.729	40
284.26	44
284.791	46
285.322	44
285.854	58
286.385	46
286.916	38
287.447	46
287.978	48
288.509	38
289.04	42
289.571	40
290.102	44
290.633	42
291.164	40
291.696	42
292.227	52
292.758	54
293.289	44
293.82	40
294.351	40
294.882	48
295.413	42
295.944	40
296.475	42
297.006	46
297.537	44
298.068	50
298.6	48
299.131	42
299.662	40
300.193	42
300.724	48
301.255	46
301.786	40
302.317	52
302.848	46
303.379	48
303.91	38
304.441	34
304.972	48
305.503	52
306.034	44
306.565	52
307.096	42
307.628	48
308.159	42
308.69	38
309.221	48
309.752	38
310.283	40
310.814	46
311.345	44
311.876	40
312.407	44
312.938	42
313.469	50
314	44
314.531	44
315.062	44
315.593	44
316.124	50
316.655	42
317.186	46
317.717	50
318.248	46
318.779	42
319.31	42
319.841	42
320.372	36
320.903	44
321.434	38
321.965	44
322.496	46
323.027	56
323.558	42
324.089	56
324.62	50
325.151	42
325.682	48
326.213	44
326.744	44
327.275	48
327.806	48
328.337	50
328.868	50
329.399	40
329.93	42
330.461	38
330.992	54
331.523	42
332.054	38
332.585	52
333.116	46
333.647	42
334.178	34
334.709	44
335.24	50
335.771	42
336.302	42
336.833	50
337.364	38
337.895	42
338.426	52
338.957	40
339.488	42
340.019	40
340.55	42
341.08	40
341.611	46
342.142	50
342.673	44
343.204	44
343.735	38
344.266	42
344.797	46
345.328	48
345.859	46
346.39	38
346.921	46
347.452	38
347.983	50
348.513	38
349.044	38
349.575	40
350.106	32
350.637	36
351.168	40
351.699	52
352.23	34
352.761	42
353.292	44
353.823	54
354.353	40
354.884	54
355.415	50
355.946	52
356.477	44
357.008	46
357.539	54
358.07	40
358.6	46
359.131	42
359.662	50
360.193	50
360.724	44
361.255	42
361.786	50
362.316	42
362.847	50
363.378	44
363.909	38
364.44	40
364.971	46
365.502	46
366.032	42
366.563	38
367.094	48
367.625	40
368.156	40
368.687	40
369.217	40
369.748	40
370.279	54
370.81	38
371.341	54
371.871	54
372.402	46
372.933	50
373.464	40
373.995	48
374.526	46
375.056	50
375.587	40
376.118	44
376.649	44
377.179	56
377.71	42
378.241	42
378.772	40
379.303	46
379.833	42
380.364	40
380.895	38
381.426	38
381.956	44
382.487	42
383.018	48
383.549	44
384.079	38
384.61	50
385.141	36
385.672	50
386.202	50
386.733	42
387.264	42
387.795	46
388.325	47
388.856	48
389.387	46
389.917	48
390.448	40
390.979	56
391.51	48
392.04	42
392.571	58
393.102	48
393.632	52
394.163	42
394.694	44
395.224	46
395.755	52
396.286	50
396.816	44
397.347	76
397.878	82
398.408	112
398.939	112
399.47	110
400	112
400.531	120
401.062	118
401.592	102
402.123	124
402.654	120
403.184	104
403.715	128
404.246	122
404.776	122
405.307	108
405.837	110
406.368	120
406.899	132
407.429	122
407.96	112
408.491	126
409.021	104
409.552	108
410.082	88
410.613	98
411.143	62
411.674	68
412.205	62
412.735	68
413.266	68
413.796	66
414.327	54
414.858	62
415.388	68
415.919	62
416.449	66
416.98	48
417.51	62
418.041	58
418.571	56
419.102	48
419.632	56
420.163	50
420.694	44
421.224	60
421.755	44
422.285	48
422.816	46
423.346	50
423.877	54
424.407	42
424.938	50
425.468	56
425.999	46
426.529	62
427.06	56
427.59	48
428.12	60
428.651	50
429.181	52
429.712	50
430.242	48
430.773	44
431.303	42
431.834	50
432.364	52
432.895	60
433.425	46
433.955	54
434.486	46
435.016	60
435.547	48
436.077	44
436.608	56
437.138	44
437.668	54
438.199	48
438.729	50
439.26	46
439.79	50
440.32	46
440.851	60
441.381	48
441.911	52
442.442	44
442.972	58
443.503	52
444.033	50
444.563	50
445.094	54
445.624	48
446.154	58
446.685	46
447.215	48
447.745	48
448.276	54
448.806	46
449.336	42
449.867	58
450.397	58
450.927	58
451.457	58
451.988	56
452.518	56
453.048	50
453.579	44
454.109	54
454.639	56
455.169	54
455.7	54
456.23	58
456.76	52
457.29	56
457.821	48
458.351	54
458.881	56
459.411	58
459.942	40
460.472	50
461.002	48
461.532	60
462.063	52
462.593	50
463.123	50
463.653	54
464.183	40
464.714	40
465.244	62
465.774	56
466.304	48
466.834	54
467.364	50
467.895	52
468.425	58
468.955	40
469.485	54
470.015	52
470.545	58
471.075	50
471.606	50
472.136	58
472.666	54
473.196	50
473.726	52
474.256	52
474.786	52
475.316	46
475.846	54
476.377	62
476.907	50
477.437	50
477.967	52
478.497	50
479.027	44
479.557	56
480.087	50
480.617	54
481.147	52
481.677	54
482.207	54
482.737	58
483.267	50
483.797	50
484.327	56
484.857	58
485.387	58
485.917	58
486.447	60
486.977	56
487.507	58
488.037	50
488.567	60
489.097	62
489.627	58
490.157	58
490.687	56
491.217	72
491.747	60
492.277	60
492.807	84
493.337	70
493.867	80
494.397	84
494.927	82
495.456	90
495.986	102
496.516	100
497.046	120
497.576	118
498.106	120
498.636	146
499.166	164
499.696	188
500.225	178
500.755	194
501.285	214
501.815	250
502.345	288
502.875	318
503.405	320
503.934	346
504.464	392
504.994	428
505.524	482
506.054	538
506.583	582
507.113	650
507.643	706
508.173	774
508.703	852
509.232	954
509.762	1066
510.292	1126
510.822	1170
511.351	1308
511.881	1424
512.411	1532
512.941	1686
513.47	1824
514	1990
514.53	2200
515.06	2452
515.589	2648
516.119	2884
516.649	3130
517.178	3456
517.708	3786
518.238	4002
518.767	4484
519.297	4800
519.827	5172
520.356	5548
520.886	5762
521.416	6024
521.945	6332
522.475	6536
523.005	6598
523.534	6756
524.064	6984
524.593	6946
525.123	7004
525.653	6908
526.182	6834
526.712	6774
527.241	6646
527.771	6540
528.301	6310
528.83	6060
529.36	6022
529.889	5636
530.419	5272
530.948	5018
531.478	4718
532.007	4450
532.537	4158
533.066	3968
533.596	3548
534.125	3268
534.655	3036
535.185	2786
535.714	2598
536.243	2392
536.773	2194
537.302	2058
537.832	1932
538.361	1734
538.891	1628
539.42	1490
539.95	1458
540.479	1354
541.009	1242
541.538	1150
542.067	1056
542.597	1020
543.126	932
543.656	890
544.185	844
544.714	796
545.244	750
545.773	692
546.303	684
546.832	652
547.361	630
547.891	576
548.42	538
548.949	514
549.479	498
550.008	512
550.537	480
551.067	446
551.596	414
552.125	400
552.655	386
553.184	366
553.713	386
554.242	354
554.772	350
555.301	336
555.83	328
556.359	308
556.889	270
557.418	298
557.947	280
558.476	260
559.006	284
559.535	270
560.064	256
560.593	248
561.122	262
561.652	254
562.181	238
562.71	240
563.239	236
563.768	224
564.297	212
564.827	226
565.356	218
565.885	230
566.414	228
566.943	228
567.472	218
568.001	224
568.53	206
569.06	216
569.589	216
570.118	214
570.647	200
571.176	224
571.705	206
572.234	206
572.763	208
573.292	228
573.821	202
574.35	210
574.879	208
575.408	202
575.937	196
576.466	222
576.995	220
577.524	212
578.053	230
578.582	214
579.111	204
579.64	220
580.169	206
580.698	218
581.227	210
581.756	212
582.285	230
582.814	234
583.343	208
583.872	224
584.401	216
584.929	220
585.458	214
585.987	246
586.516	234
587.045	224
587.574	244
588.103	244
588.631	242
589.16	232
589.689	254
590.218	256
590.747	242
591.276	262
591.804	262
592.333	262
592.862	268
593.391	248
593.919	272
594.448	278
594.977	268
595.506	276
596.035	288
596.563	272
597.092	276
597.621	268
598.149	300
598.678	300
599.207	314
599.736	280
600.264	302
600.793	306
601.322	284
601.85	294
602.379	298
602.908	292
603.436	312
603.965	318
604.494	306
605.022	332
605.551	312
606.079	306
606.608	338
607.137	336
607.665	330
608.194	324
608.722	342
609.251	350
609.779	340
610.308	334
610.837	380
611.365	350
611.894	360
612.422	342
612.951	392
613.479	356
614.008	390
614.536	372
615.065	398
615.593	370
616.122	374
616.65	396
617.178	364
617.707	378
618.235	408
618.764	422
619.292	402
619.821	396
620.349	394
620.877	428
621.406	436
621.934	408
622.463	450
622.991	426
623.519	430
624.048	464
624.576	450
625.104	444
625.633	446
626.161	474
626.689	452
627.218	472
627.746	448
628.274	452
628.802	458
629.331	460
629.859	472
630.387	498
630.916	476
631.444	510
631.972	498
632.5	516
633.028	492
633.557	484
634.085	512
634.613	492
635.141	508
635.669	518
636.198	536
636.726	522
637.254	546
637.782	538
638.31	540
638.838	546
639.366	538
639.895	558
640.423	526
640.951	560
641.479	538
642.007	580
642.535	552
643.063	560
643.591	574
644.119	570
644.647	576
645.175	584
645.703	580
646.231	620
646.759	604
647.287	600
647.815	562
648.343	584
648.871	620
649.399	576
649.927	594
650.455	594
650.983	602
651.511	620
652.039	622
652.567	590
653.095	604
653.623	618
654.151	612
654.679	604
655.206	604
655.734	628
656.262	620
656.79	616
657.318	608
657.846	612
658.374	626
658.901	622
659.429	654
659.957	622
660.485	616
661.013	646
661.54	640
662.068	638
662.596	624
663.124	666
663.651	664
664.179	640
664.707	646
665.235	662
665.762	644
666.29	666
666.818	658
667.345	656
667.873	666
668.401	694
668.928	658
669.456	680
669.984	658
670.511	708
671.039	674
671.566	664
672.094	692
672.622	680
673.149	676
673.677	638
674.204	680
674.732	702
675.26	686
675.787	664
676.315	672
676.842	684
677.37	668
677.897	676
678.425	670
678.952	668
679.48	698
680.007	700
680.535	706
681.062	676
681.59	670
682.117	696
682.644	684
683.172	658
683.699	680
684.227	678
684.754	688
685.281	654
685.809	688
686.336	686
686.864	656
687.391	650
687.918	696
688.446	678
688.973	682
689.5	658
690.027	718
690.555	708
691.082	690
691.609	694
692.137	684
692.664	670
693.191	676
693.718	704
694.246	672
694.773	724
695.3	678
695.827	688
696.354	670
696.882	680
697.409	682
697.936	690
698.463	684
698.99	690
699.517	674
700.045	674
700.572	666
701.099	692
701.626	692
702.153	690
702.68	712
703.207	672
703.734	656
704.261	710
704.788	690
705.315	676
705.842	696
706.369	674
706.896	646
707.423	676
707.95	654
708.477	668
709.004	656
709.531	648
710.058	626
710.585	632
711.112	624
711.639	654
712.166	658
712.693	620
713.22	654
713.747	630
714.274	620
714.8	648
715.327	614
715.854	624
716.381	632
716.908	622
717.435	598
717.961	632
718.488	582
719.015	616
719.542	598
720.069	588
720.595	592
721.122	584
721.649	570
722.176	586
722.702	578
723.229	600
723.756	602
724.282	604
724.809	584
725.336	576
725.862	566
726.389	528
726.916	558
727.442	552
727.969	542
728.496	576
729.022	552
729.549	530
730.075	518
730.602	562
731.129	528
731.655	518
732.182	506
732.708	508
733.235	510
733.761	506
734.288	530
734.814	504
735.341	516
735.867	502
736.394	470
736.92	492
737.447	494
737.973	498
738.499	484
739.026	498
739.552	492
740.079	484
740.605	452
741.131	444
741.658	440
742.184	464
742.711	436
743.237	440
743.763	464
744.289	440
744.816	432
745.342	414
745.868	412
746.395	398
746.921	396
747.447	388
747.973	368
748.5	366
749.026	316
749.552	308
750.078	288
750.604	260
751.131	260
751.657	234
752.183	216
752.709	204
753.235	178
753.761	192
754.288	146
754.814	146
755.34	136
755.866	116
756.392	102
756.918	98
757.444	82
757.97	78
758.496	64
759.022	62
759.548	58
760.074	44
760.6	56
761.126	44
761.652	50
762.178	46
762.704	48
763.23	54
763.756	46
764.282	54
764.808	48
765.334	44
765.86	42
766.385	50
766.911	54
767.437	46
767.963	44
768.489	54
769.015	40
769.541	56
770.066	46
770.592	44
771.118	44
771.644	54
772.169	52
772.695	48
773.221	44
773.747	38
774.272	44
774.798	44
775.324	46
775.85	50
776.375	36
776.901	52
777.427	40
777.952	44
778.478	48
779.003	42
779.529	52
780.055	46
780.58	46
781.106	50
781.631	40
782.157	56
782.683	42
783.208	42
783.734	44
784.259	48
784.785	40
785.31	44
785.836	36
786.361	40
786.887	42
787.412	44
787.937	36
788.463	48
788.988	48
789.514	46
790.039	38
790.564	40
791.09	48
791.615	48
792.141	40
792.666	42
793.191	44
793.717	44
794.242	46
794.767	56
795.292	52
795.818	50
796.343	38
796.868	50
797.393	54
797.919	42
798.444	48
798.969	34
799.494	48
800.019	52
800.545	52
801.07	38
801.595	42
802.12	44
802.645	44
803.17	48
803.695	38
804.221	42
804.746	50
805.271	46
805.796	46
806.321	48
806.846	50
807.371	42
807.896	46
808.421	44
808.946	46
809.471	40
809.996	42
810.521	52
811.046	40
811.571	40
812.096	52
812.62	44
813.145	46
813.67	52
814.195	48
814.72	44
815.245	44
815.77	46
816.294	42
816.819	48
817.344	46
817.869	50
818.394	36
818.918	40
819.443	40
819.968	44
820.493	52
